43 1.316037e+02
0 1.319601e+02
1 1.322056e+02
3 1.324580e+02
4 1.326649e+02
5 1.329174e+02
6 1.331450e+02
7 1.334003e+02
8 1.336004e+02
9 1.337817e+02
10 1.340553e+02
11 1.343324e+02
12 1.345883e+02
13 1.348646e+02
14 1.351264e+02
15 1.353594e+02
16 1.356243e+02
17 1.358949e+02
18 1.361708e+02
19 1.364479e+02
20 1.366649e+02
21 1.368943e+02
22 1.371533e+02
23 1.373986e+02
24 1.376758e+02
25 1.378995e+02
26 1.381551e+02
27 1.383937e+02
28 1.386709e+02
29 1.389483e+02
30 1.392111e+02
31 1.394732e+02
32 1.397440e+02
33 1.400212e+02
34 1.402845e+02
35 1.405397e+02
36 1.407785e+02
37 1.410186e+02
38 1.412798e+02
39 1.415530e+02
40 1.418076e+02
41 1.420481e+02
42 1.423126e+02
84 1.425812e+02
85 1.428585e+02
86 1.431346e+02
