0	0.000529778
1	0.000297252
2	0.00042254
3	0.000625623
4	0.000605354
5	0.000571201
6	0.000552977
7	0.000322421
8	0.000407366
9	0.00109842
10	0
11	0.000363638
12	0.00126401
13	0.000902902
14	0.000997022
15	0.0004835
16	0.0004702
17	0.000813354
18	0
19	0.000598075
20	0.000402942
21	0.000204664
22	0.000677147
23	0
24	0
25	0.000560145
26	0.000588498
27	0.00025736
28	0.000430552
29	0.000682812
30	0.000636976
31	0.000674623
32	0.000718374
33	0.000499433
34	0.000935093
35	0
36	0.000522274
37	0.000467598
38	0.00142721
39	0.00113208
40	0.000372529
41	0
42	0.000304878
43	0.000294826
44	0
45	0.00127407
46	0.00136523
47	0.00124811
48	0.00101878
49	0.00155911
50	0.00168604
51	0.00118029
52	0.0022315
53	0.000814217
54	0.000819478
55	0.000318261
56	0.000424969
57	0.000389843
58	0.000502963
59	0.000645951
60	0.000700321
61	0.00255393
62	0.000616612
63	0.000764955
64	0.000696456
65	0.00165824
66	0.00136072
67	0.000896402
68	0.00105678
69	0.00112092
70	0.00125865
71	0.00132904
72	0.00130064
73	0.00154083
74	0.00196563
75	0.00138035
76	0.00106616
77	0.000909236
78	0.000982114
79	0.00128831
80	0.00136355
81	0.00145078
82	0.00127662
83	0.00128723
84	0
85	0.000895645
86	0
87	0.00060401
88	0.000973308
89	0.000727717
90	0.000320266
91	0.000526621
92	0.000493566
93	0.000303406
94	0.000428127
95	0.000366244
96	0.000580852
97	0.000632153
98	0.000712357
99	0.000782545
100	0.000877351
101	0.000579383
102	0.000691598
103	0.00106712
104	0.000831773
105	0.00106076
106	0.000595669
107	0.000580814
108	0.00174338
109	0.000821331
110	0.00140602
111	0.00108952
112	0.000591646
113	0.000484268
114	0.000639769
115	0.00061138
116	0.000698069
117	0.000449613
118	0.000630819
119	0.00057696
120	0.000828055
121	0.000638751
122	0.00072179
123	0.000551051
124	0.000740738
125	0.00056359
126	0.000494754
127	0.000698732
128	0.000787589
129	0.000706796
130	0.000452172
131	0.00135836
132	0.00169374
133	0.00139358
134	0.00108315
135	0.00148457
136	0.0013623
137	0.00088504
138	0.0015345
139	0.00116386
140	0.00116954
141	0.00119132
142	0.000818868
143	0.00186811
144	0.00139666
145	0.00151057
146	0.00146728
147	0.00125141
148	0.00108037
149	0.000764157
150	0.00129358
151	0.000768965
152	0.000689979
153	0.00168699
154	0.00178263
155	0.00123273
156	0.00102758
157	0.00106826
158	0.00175394
159	0.00124666
160	0.000776097
161	0.00103222
162	0.00107945
163	0.00117395
164	0.00101528
165	0.00108607
166	0.00142244
167	0.00075699
168	0.0016159
169	0.00120122
170	0.000913445
171	0.00109754
172	0.00102747
173	0.00163168
174	0.00160404
175	0.00089394
176	0.000659586
177	0.000685668
178	0.00243517
179	0.000916899
180	0.00121602
181	0.00146528
182	0.0011083
183	0.00129542
184	0.00142657
185	0.00058001
186	0.00128705
187	0.00056325
188	0.000728049
189	0.000489135
190	0.000512803
191	0.000479481
192	0.00134345
193	0.00078097
194	0.00087335
195	0.000576654
196	0.00208408
197	0.000540048
198	0.000560328
199	0.00162876
200	0.000986201
201	0.00123928
202	0.00124129
203	0.00101528
204	0.00122169
205	0.000785485
206	0.00209977
207	0.000693604
208	0.000516862
209	0.000455426
210	0.00115001
211	0.00055835
212	0.00274512
213	0.000450323
214	0.00054002
215	0.000496081
216	0.000366404
217	0.000493824
218	0.000689758
219	0.00109301
220	0.00117811
221	0.0011665
222	0.00128071
223	0.00168337
224	0.000576474
225	0.00125244
226	0.00166364
227	0.00122476
228	0.0011798
229	0.00125511
230	0.00134724
231	0.00141625
232	0.00115299
233	0.000733338
234	0.000645025
235	0.00112814
236	0.0017081
237	0.00147149
238	0.00120468
239	0.000733426
240	0.000704621
241	0.00122106
242	0.00105351
243	0.00139733
244	0.00179496
245	0.00144952
246	0.000762393
247	0.00097244
248	0.000376629
249	0.000496291
250	0.00120378
251	0.000815694
252	0.00110581
253	0.000500104
254	0.000396815
255	0.000497346
256	0.000532575
257	0.00197706
258	0.000549582
259	0.000867007
260	0.000741207
261	0.00150078
262	0.00115227
263	0.00150194
264	0.000982265
265	0.00151247
266	0.00104907
267	0.00103336
268	0.00104865
269	0.00161284
270	0.00102828
271	0.00130509
272	0.00126847
273	0.00131003
274	0.00125805
275	0.00154912
276	0.00121187
277	0.000892487
278	0.00118605
279	0.0018292
280	0.000382546
281	0.000634656
282	0.00131627
283	0.00134771
284	0.00107993
285	0.000980282
286	0.00126943
287	0.000770864
288	0.000934852
289	0.00118612
290	0.00144201
291	0.00162794
292	0.00195022
293	0.00062079
294	0.000932041
295	0.00093201
296	0.00050905
297	0.000682825
298	0.000790031
299	0.000732718
300	0.00054961
301	0.000775469
302	0.000358899
303	0.000372805
304	0.000615942
305	0.000547731
306	0.000568162
307	0.00111539
308	0.000612804
309	0.000524264
310	0.000541033
311	0.000342848
312	0.000533744
313	0.000479777
314	0.000375434
315	0.000597792
316	0.000348656
317	0.0012288
318	0.000620262
319	0.000630764
320	0.000295283
321	0.000535693
322	0.000457857
323	0.000819407
324	0.000532115
325	0.000585041
326	0.00055009
327	0.000672983
328	0.000993329
329	0.000439888
330	0.000396249
331	0.000682375
332	0.000588797
333	0.000347289
334	0.000957261
335	0.000663307
336	0.00034434
337	0.000556555
338	0.000711932
339	0.000537579
340	0.000636974
341	0.000741623
342	0.000434597
343	0.00105873
344	0.00038312
345	0.000419671
346	0.000789813
347	0.000384236
348	0.000889134
349	0.0010512
350	0.000518501
351	0.000854711
352	0.000872732
353	0.000893613
354	0.000606018
355	0.000501466
356	0.000490382
357	0.000498199
358	0.000603048
359	0.000905549
360	0.000415543
361	0.000708383
362	0.000686138
363	0.000370021
364	0.00077276
365	0.0007298
366	0.000423743
367	0.000769621
368	0.000636475
369	0.0006566
370	0.000737819
371	0.000815482
372	0.000792893
373	0.000701258
374	0.000857839
375	0.000783935
376	0.000447784
377	0.000625378
378	0.000663298
379	0.000624348
380	0.000363684
381	0.000730747
382	0.000615833
383	0.00052915
384	0.000365405
385	0.000682482
386	0.000863423
387	0.000350526
388	0.000590738
389	0.00136271
390	0.00106759
391	0.00145691
392	0.00105145
393	0.000832603
394	0.00124427
395	0.00147517
396	0.00115238
397	0.00165931
398	0.000992213
399	0.00146689
400	0.00164992
401	0.00133405
402	0.000797675
403	0.000837471
404	0.00123897
405	0.00153244
406	0.00117049
407	0.0013137
408	0.00132814
409	0.00139987
410	0.00145402
411	0.00167453
412	0.00150935
413	0.00154785
414	0.00134698
415	0.00104331
416	0.00201809
417	0.00144713
418	0.00184369
419	0.000967663
420	0.00154047
421	0.0014509
422	0.00140445
423	0.00162946
424	0.00148805
425	0.00125528
426	0.00155378
427	0.00170086
428	0.000663892
429	0.00127858
430	0.00115389
431	0.001576
432	0.00148995
433	0.00120894
434	0.00123561
435	0.00109392
436	0.00204749
437	0.00134599
438	0.00127687
439	0.00143002
440	0.00078859
441	0.00125587
442	0.00186646
443	0.00100896
444	0.00130959
445	0.00141138
446	0.00135609
447	0.00146172
448	0.00102468
449	0.00108213
450	0.00116692
451	0.000776235
452	0.000752053
453	0.00107951
454	0.00106415
455	0.00109897
456	0.00130441
457	0.000819166
458	0.00159699
459	0.00121244
460	0.00163493
461	0.00167152
462	0.000860762
463	0.00102722
464	0.00138077
465	0.00151063
466	0.00136289
467	0.000930527
468	0.000933584
469	0.00183466
470	0.00120829
471	0.00136927
472	0.00114759
473	0.000975917
474	0.00128435
475	0.00154809
476	0.00104857
477	0.00149438
478	0.00154201
479	0.00147734
480	0.000937615
481	0.00146426
482	0.00146516
483	0.00099521
484	0.00134125
485	0.000755906
486	0.0010946
487	0.000952306
488	0.000929237
489	0.00140883
490	0.00112167
491	0.00136604
492	0.00102243
493	0.00110044
494	0.00114958
495	0.000915474
496	0.000925022
497	0.00114795
498	0.00149029
499	0.00110068
500	0.000444949
501	0.000976531
502	0.00129182
503	0.00140756
504	0.00158913
505	0.00147823
506	0.00059979
507	0.00122168
508	0.00137899
509	0.00192867
510	0.00120973
511	0.000815203
512	0.00105034
513	0.000977011
514	0.000980621
515	0.000890926
516	0.0013309
517	0.000894837
518	0.00071824
519	0.00147406
520	0.00120508
521	0.00163662
522	0.00115108
523	0.000595327
524	0.00161334
525	0.00181965
526	0.00113482
527	0.00141149
528	0.00173537
529	0.000554699
530	0.0010623
531	0.00126084
532	0.000667892
533	0.000823747
534	0.00099889
535	0.00099043
536	0.00164416
537	0.000613255
538	0.000496229
539	0.0012059
540	0.000714998
541	0.00105152
542	0.00145772
543	0.00113093
544	0.00107991
545	0.00104709
546	0.00184728
547	0.00056025
548	0.000594335
549	0.000448887
550	0.001041
551	0.00123762
552	0.00112594
553	0.000675635
554	0.00101758
555	0.000776489
556	0.00137035
557	0.00121503
558	0.00154996
559	0.000783909
560	0.00106007
561	0.00140998
562	0.00151212
563	0.00108904
564	0.00106858
565	0.0018155
566	0.00127977
567	0.000956731
568	0.00189919
569	0.00163781
570	0.000954284
571	0.00198678
572	0.00114047
573	0.00111628
574	0.000899593
575	0.00122612
576	0.0011803
577	0.000742928
578	0.00109686
579	0.000509382
580	0.000897757
581	0.000984521
582	0.00112873
583	0.00111008
584	0.0012024
585	0.00112803
586	0.000920634
587	0.000777688
588	0.00101881
589	0.000603049
590	0.00133116
591	0.00103629
592	0.0011869
593	0.00160876
594	0.00100673
595	0.00171154
596	0.00132189
597	0.00117163
598	0.00123638
599	0.00122501
600	0.00122996
601	0.00124107
602	0.00133225
603	0.00156875
604	0.00143332
605	0.00169205
606	0.00116284
607	0.00183772
608	0.00171529
609	0.00108373
610	0.00054213
611	0.000682137
612	0.00203821
613	0.000535845
614	0.000458114
615	0.000910324
616	0.00111701
617	0.00103745
618	0.00121413
619	0.00103937
620	0.00146219
621	0.00102345
622	0.00137703
623	0.00129553
624	0.000918337
625	0.00121755
626	0.00180196
627	0.00171286
628	0.00136844
629	0.00121772
630	0.00125367
631	0.0015722
632	0.00118444
633	0.00121431
634	0.00132755
635	0.000894395
636	0.000985532
637	0.00115273
638	0.00134692
639	0.00149491
640	0.0010709
641	0.000904959
642	0.00151539
643	0.00175002
644	0.00100743
645	0.00100532
646	0.0013028
647	0.00125954
648	0.000784792
649	0.00118062
650	0.00118681
651	0.00155625
652	0.00141748
653	0.00166854
654	0.00103217
655	0.00128822
656	0.00155159
657	0.00194752
658	0.00189613
659	0.00177993
660	0.00127694
661	0.00101288
662	0.00105538
663	0.00153232
664	0.00116034
665	0.00107768
666	0.00113755
667	0.000503468
668	0.000573396
669	0.000442184
670	0.000591207
671	0.00244705
672	0.00098355
673	0.000897178
674	0.000753658
675	0.00109034
676	0.000940658
677	0.0010421
678	0.00058936
679	0.000380469
680	0.00119199
681	0.00137426
682	0.00128279
683	0.00106052
684	0.00138778
685	0.00127928
686	0.001444
687	0.00146738
688	0.00143874
689	0.00116481
690	0.00169888
691	0.0013184
692	0.00112193
693	0.00120493
694	0.00161368
695	0.00140207
696	0.00180678
697	0.00191675
698	0.00148036
699	0.00150538
700	0.00162913
701	0.00151827
702	0.00112399
703	0.000993112
704	0.00138908
705	0.00135617
706	0.00132401
707	0.00133525
708	0.00175541
709	0.00124234
710	0.00111383
711	0.00104632
712	0.00137121
713	0.00142902
714	0.0017178
715	0.00168277
716	0.00123414
717	0.000935817
718	0.00107638
719	0.00128906
720	0.0017413
721	0.00156965
722	0.001446
723	0.00159771
724	0.00108517
725	0.00126831
726	0.000728996
727	0.00103566
728	0.00120444
729	0.0011121
730	0.00122159
731	0.0016011
732	0.000868973
733	0.0013856
734	0.00166723
735	0.00168439
736	0.00184432
737	0.00178822
738	0.00139902
739	0.00130694
740	0.00116587
741	0.000735334
742	0.00101146
743	0.00178664
744	0.00106399
745	0.00133955
746	0.00173351
747	0.00179033
748	0.00126059
749	0.001042
750	0.00121231
751	0.00104062
752	0.00052515
753	0.00158144
754	0.00104757
755	0.00125482
756	0.00143221
757	0.00139098
758	0.00132156
759	0.0023072
760	0.00137488
761	0.0011106
762	0.00135075
763	0.00168401
764	0.000975642
765	0.00152905
766	0.00172436
767	0.00127947
768	0.00136309
769	0.000750756
770	0.0010709
771	0.00105741
772	0.000593968
773	0.00109278
774	0.00188715
775	0.00067167
776	0.000483819
777	0.000566123
778	0.000828714
779	0.00128073
780	0.00107909
781	0.00126984
782	0.00116877
783	0.00119335
784	0.00108622
785	0.00127652
786	0.000828102
787	0.00111225
788	0.00135415
789	0.00114902
790	0.00109394
791	0.00115802
792	0.00107824
793	0.00111808
794	0.00118382
795	0.0009502
796	0.00103798
797	0.00138009
798	0.00132707
799	0.00127626
800	0.00108407
801	0.0012321
802	0.00100821
803	0.0010569
804	0.00097832
805	0.00115753
806	0.00120681
807	0.000710055
808	0.00157226
809	0.00120557
810	0.00101725
811	0.000773843
812	0.00129673
813	0.00133306
814	0.00137668
815	0.00100497
816	0.00100415
817	0.00122206
818	0.000780541
819	0.00148541
820	0.00073411
821	0.0013475
822	0.00129664
823	0.000992477
824	0.00180941
825	0.00182885
826	0.00104041
827	0.00131262
828	0.00127226
829	0.000702795
830	0.000996494
831	0.00114591
832	0.00137191
833	0.000982295
834	0.000934445
835	0.00104492
836	0.000890361
837	0.00146841
838	0.0013091
839	0.001158
840	0.00124308
841	0.00157116
842	0.000829413
843	0.000985483
844	0.00160449
845	0.0012079
846	0.00117155
847	0.0015311
848	0.000945678
849	0.00139671
850	0.00114317
851	0.00133311
852	0.00149837
853	0.00120436
854	0.00112691
855	0.00144729
856	0.00177022
857	0.00142026
858	0.00100424
859	0.00118594
860	0.00084905
861	0.000936697
862	0.00108284
863	0.000761374
864	0.00112431
865	0.00153234
866	0.00139125
867	0.00183533
868	0.00159632
869	0.00154163
870	0.000932533
871	0.00166718
872	0.00165229
873	0.00169754
874	0.0010409
875	0.000817102
876	0.00126985
877	0.000725374
878	0.000561779
879	0.00120217
880	0.00127481
881	0.00129988
882	0.00102814
883	0.00199103
884	0.00132371
885	0.0013989
886	0.00156237
887	0.000956304
888	0.000972601
889	0.00167267
890	0.00159271
891	0.0011673
892	0.00177813
893	0.00170822
894	0.00126717
895	0.00121785
896	0.000922035
897	0.000945445
898	0.000572472
899	0.00151127
900	0.00158257
901	0.00133486
902	0.00166434
903	0.00127243
904	0.0014213
905	0.000538011
906	0.00123042
907	0.000780173
908	0.000737433
909	0.00124011
910	0.00101977
911	0.00233782
912	0.000904369
913	0.00115713
914	0.00112846
915	0.00161612
916	0.00138393
917	0.00150635
918	0.00171907
919	0.000987034
920	0.00165091
921	0.00080865
922	0.0011825
923	0.00102178
924	0.00108879
925	0.00167794
926	0.000946065
927	0.00168707
928	0.000955741
929	0.0017098
930	0.0014223
931	0.00140295
932	0.0015921
933	0.00138675
934	0.000760334
935	0.000963478
936	0.0012368
937	0.00077893
938	0.000878114
939	0.00116927
940	0.00129584
941	0.0012406
942	0.0013846
943	0.00146306
944	0.00140683
945	0.00164874
946	0.00168492
947	0.00051339
948	0.000727498
949	0.00109738
950	0.00129088
951	0.00183808
952	0.00124494
953	0.00135866
954	0.00130676
955	0.00115285
956	0.00119813
957	0.00170152
958	0.000600356
959	0.00128189
960	0.000973304
961	0.00165847
962	0.00102966
963	0.00103502
964	0.000852261
965	0.000745379
966	0.000799515
967	0.00119034
968	0.00124432
969	0.00109504
970	0.00126324
971	0.00129098
972	0.000808704
973	0.00135918
974	0.00124261
975	0.00162784
976	0.00124079
977	0.000984343
978	0.00137632
979	0.00129283
980	0.00134566
981	0.00103391
982	0.00103493
983	0.00156147
984	0.00144883
985	0.00126994
986	0.000746573
987	0.00130456
988	0.000907232
989	0.00110828
990	0.00142947
991	0.00129195
992	0.00103829
993	0.00107202
994	0.00197619
995	0.00131914
996	0.00118883
997	0.00111305
998	0.00105787
999	0.000925364
1000	0.000719826
1001	0.00122755
1002	0.000909803
1003	0.00147273
1004	0.00129558
1005	0.000927169
1006	0.000746683
1007	0.00168885
1008	0.00145966
1009	0.00100085
1010	0.000805421
1011	0.00115505
1012	0.000877081
1013	0.00134466
1014	0.00142289
1015	0.00140747
1016	0.000835564
1017	0.0015357
1018	0.000989153
1019	0.00107344
1020	0.00149308
1021	0.00148281
1022	0.00129993
1023	0.00122458
1024	0.00141826
1025	0.00139399
1026	0.000996706
1027	0.00156946
1028	0.000799794
1029	0.000843216
1030	0.00102192
1031	0.00121462
1032	0.00122871
1033	0.00158002
1034	0.000837379
1035	0.000911078
1036	0.000664958
1037	0.000555773
1038	0.00117404
1039	0.00139825
1040	0.00077926
1041	0.00137865
1042	0.00140686
1043	0.00097125
1044	0.000837017
1045	0.00187595
1046	0.00100313
1047	0.00133679
1048	0.00130324
1049	0.000565537
1050	0.00182769
1051	0.00135989
1052	0.00132142
1053	0.000871244
1054	0.00120876
1055	0.00144923
1056	0.000878159
1057	0.00112917
1058	0.0013333
1059	0.000910031
1060	0.00170747
1061	0.00195436
1062	0.00119368
1063	0.00163898
1064	0.00125285
1065	0.00080023
1066	0.00147117
1067	0.00142578
1068	0.0007881
1069	0.00118228
1070	0.000559932
1071	0.00176984
1072	0.000896156
1073	0.00142284
1074	0.00125611
1075	0.000854676
1076	0.00148196
1077	0.00118436
1078	0.00136738
1079	0.00162731
1080	0.0010738
1081	0.00118527
1082	0.00160159
1083	0.00116948
1084	0.00111783
1085	0.0014956
1086	0.00163936
1087	0.00156644
1088	0.00130904
1089	0.00142809
1090	0.000864195
1091	0.00127333
1092	0.00128422
1093	0.00142083
1094	0.00197532
1095	0.00173652
1096	0.00197986
1097	0.00084199
1098	0.00111244
1099	0.000741655
1100	0.00147371
1101	0.00109644
1102	0.0012261
1103	0.00082259
1104	0.0011818
1105	0.00125138
1106	0.00138752
1107	0.00149897
1108	0.000543193
1109	0.000857509
1110	0.00118454
1111	0.00121226
1112	0.00166547
1113	0.00168224
1114	0.00158721
1115	0.000623926
1116	0.000915948
1117	0.00192549
1118	0.00161904
1119	0.0013665
1120	0.000913577
1121	0.0015
1122	0.00115713
1123	0.00166336
1124	0.000651738
1125	0.00137575
1126	0.00112457
1127	0.000943121
1128	0.00166783
1129	0.00173737
1130	0.00143508
1131	0.00128843
1132	0.00115739
1133	0.000933243
1134	0.00155819
1135	0.00122071
1136	0.00193657
1137	0.00109919
1138	0.00124997
1139	0.00189597
1140	0.00141378
1141	0.000900861
1142	0.000906272
1143	0.000830204
1144	0.00166805
1145	0.00142554
1146	0.00107877
1147	0.00107497
1148	0.00128136
1149	0.00120107
1150	0.000925275
1151	0.00151818
1152	0.00149347
1153	0.00115906
1154	0.00106107
1155	0.0010639
1156	0.00154724
1157	0.000829725
1158	0.00096814
1159	0.00121738
1160	0.00141648
1161	0.000971063
1162	0.00129371
1163	0.000970438
1164	0.000688972
1165	0.000953042
1166	0.00156273
1167	0.000897929
1168	0.00156706
1169	0.00122718
1170	0.00133067
1171	0.00115637
1172	0.000868599
1173	0.000951385
1174	0.00140286
1175	0.000765992
1176	0.00146519
1177	0.00125511
1178	0.00100811
1179	0.00098516
1180	0.000999149
1181	0.00113166
1182	0.00127637
1183	0.0012165
1184	0.00145359
1185	0.00136626
1186	0.00120355
1187	0.00150689
1188	0.000862102
1189	0.00152129
1190	0.00129092
1191	0.00185331
1192	0.00123031
1193	0.00198132
1194	0.00125049
1195	0.00105462
1196	0.00130965
1197	0.00179357
1198	0.00155381
1199	0.00109171
1200	0.00144707
1201	0.00129765
1202	0.00164342
1203	0.00120805
1204	0.00119847
1205	0.00151013
1206	0.00128934
1207	0.00158205
1208	0.00148362
1209	0.00123749
1210	0.00133042
1211	0.00162345
1212	0.00132101
1213	0.00181346
1214	0.00135618
1215	0.00180143
1216	0.0018316
1217	0.00138029
1218	0.00173485
1219	0.00151385
1220	0.000685126
1221	0.00165816
1222	0.000791513
1223	0.00140576
1224	0.00158066
1225	0.00150564
1226	0.00103034
1227	0.0013178
1228	0.00094961
1229	0.000675439
1230	0.00140824
1231	0.0011848
1232	0.0010151
1233	0.00143958
1234	0.00142014
1235	0.00153449
1236	0.00140917
1237	0.0017133
1238	0.00172054
1239	0.00184101
1240	0.00119156
1241	0.00154663
1242	0.0012407
1243	0.000633795
1244	0.00145255
1245	0.00152609
1246	0.00140008
1247	0.00128632
1248	0.00132632
1249	0.0017062
1250	0.000863921
1251	0.00147265
1252	0.00124159
1253	0.000978125
1254	0.0014828
1255	0.00113108
1256	0.00108006
1257	0.000662757
1258	0.00110568
1259	0.0019158
1260	0.00169629
1261	0.0015064
1262	0.00125679
1263	0.00114509
1264	0.00084155
1265	0.00153305
1266	0.00127453
1267	0.00129142
1268	0.00119875
1269	0.000859979
1270	0.00145627
1271	0.00145256
1272	0.00127606
1273	0.00141186
1274	0.00104621
1275	0.00140887
1276	0.00131894
1277	0.00100899
1278	0.000475533
1279	0.00121441
1280	0.00119385
1281	0.00101013
1282	0.00126946
1283	0.00141387
1284	0.00100769
1285	0.00113534
1286	0.00142711
1287	0.000850007
1288	0.00098301
1289	0.00178214
1290	0.00182171
1291	0.0015266
1292	0.00139151
1293	0.00181161
1294	0.0016705
1295	0.00128338
1296	0.000955228
1297	0.00111176
1298	0.00098319
1299	0.000917835
1300	0.000968469
1301	0.00128493
1302	0.00111463
1303	0.00154494
1304	0.000992045
1305	0.000905793
1306	0.00116172
1307	0.00084335
1308	0.00109773
1309	0.00124287
1310	0.000845567
1311	0.00138214
1312	0.00136585
1313	0.000711927
1314	0.000729507
1315	0.00142063
1316	0.000958048
1317	0.00108629
1318	0.00191137
1319	0.00165159
1320	0.00101413
1321	0.000961598
1322	0.00115559
1323	0.00119373
1324	0.00148001
1325	0.00104879
1326	0.00115271
1327	0.00134001
1328	0.00130781
1329	0.00183473
1330	0.000994965
1331	0.00178713
1332	0.00120804
1333	0.00116166
1334	0.000484635
1335	0.000918118
1336	0.00159014
1337	0.00146596
1338	0.000914546
1339	0.00123643
1340	0.0010782
1341	0.000814614
1342	0.000912028
1343	0.000800804
1344	0.00165086
1345	0.00133273
1346	0.00126246
1347	0.000988179
1348	0.00115243
1349	0.00102447
1350	0.000930335
1351	0.000911279
1352	0.00154491
1353	0.00117277
1354	0.00297499
1355	0.00105216
1356	0.000984637
1357	0.00141215
1358	0.00124733
1359	0.00135513
1360	0.0016792
1361	0.000747844
1362	0.000899254
1363	0.000950628
1364	0.00200973
1365	0.00139507
1366	0.00109707
1367	0.00111086
1368	0.000913096
1369	0.00130519
1370	0.000797442
1371	0.00216968
1372	0.00109213
1373	0.00129881
1374	0.000693636
1375	0.00145155
1376	0.00160258
1377	0.000638603
1378	0.00164509
1379	0.00104991
