4879 -1.065000e-02
4899 -1.065000e-02
4885 -1.065000e-02
5280 -1.065000e-02
4879 -1.065000e-02
5303 -1.065000e-02
5316 -1.065000e-02
5316 -1.065000e-02
5246 -1.065000e-02
4897 -1.065000e-02
4897 -1.065000e-02
4958 -1.065000e-02
4880 -1.065000e-02
4887 -1.065000e-02
4920 -1.065000e-02
4944 -1.065000e-02
4511 -1.065000e-02
5018 -1.065000e-02
4350 -1.065000e-02
4541 -3.850000e-03
4560 -3.850000e-03
4528 -3.850000e-03
4346 -3.850000e-03
5274 -3.850000e-03
5200 -3.850000e-03
4948 -3.850000e-03
5129 -3.850000e-03
4923 -3.850000e-03
5041 -3.850000e-03
5204 -3.850000e-03
5278 -3.850000e-03
5017 -3.850000e-03
5055 -3.850000e-03
5271 -3.850000e-03
3649 -1.065000e-02
3671 -1.065000e-02
3655 -1.065000e-02
4089 -1.065000e-02
3649 -1.065000e-02
4115 -1.065000e-02
4129 -1.065000e-02
4129 -1.065000e-02
4050 -1.065000e-02
3669 -1.065000e-02
3669 -1.065000e-02
3737 -1.065000e-02
3650 -1.065000e-02
3657 -1.065000e-02
3695 -1.065000e-02
3722 -1.065000e-02
3221 -1.065000e-02
3801 -1.065000e-02
3032 -1.065000e-02
3257 -3.850000e-03
3277 -3.850000e-03
3243 -3.850000e-03
3028 -3.850000e-03
4083 -3.850000e-03
3999 -3.850000e-03
3726 -3.850000e-03
3922 -3.850000e-03
3700 -3.850000e-03
3828 -3.850000e-03
4003 -3.850000e-03
4087 -3.850000e-03
3800 -3.850000e-03
3842 -3.850000e-03
4080 -3.850000e-03
